52,42
52,41
52,40
52,39
52,38
52,37
52,36
52,35
3,2
3,1
3,3
10,216
10,114
10,310
10,236
10,298
10,288
10,180
10,204
11,24
9,6
9,4
9,2
9,3
8,11
8,13
8,8
8,17
8,4
50,5
50,4
50,3
50,2
50,1
50,0
41,3
41,2
41,1
35,5
35,4
35,3
35,2
35,1
32,4
32,3
32,2
32,1
29,3
29,1
26,4
26,3
26,1
21,3
21,2
21,1
21,0
20,3
20,2
20,1
19,3
19,2
19,1
18,3
18,1
14,3
14,1
13,3
13,1
12,3
12,2
12,1
11,29
11,28
11,26
11,25
11,23
11,22
11,21
11,20
11,19
11,17
11,16
11,15
11,14
11,13
11,11
11,10
11,9
11,8
11,7
11,6
11,5
11,4
11,3
11,2
11,1
10,292
10,284
10,261
10,247
10,237
10,225
10,210
10,206
10,199
10,165
10,138
10,96
